<?xml version="1.0"?>
<opencv_storage>
<calibration_Time>"to. 18. okt. 2018 kl. 15.55 +0200"</calibration_Time>
<nrOfFrames>25</nrOfFrames>
<image_Width>640</image_Width>
<image_Height>480</image_Height>
<board_Width>9</board_Width>
<board_Height>6</board_Height>
<square_Size>21.</square_Size>
<FixAspectRatio>1.</FixAspectRatio>
<!-- flags:  +fix_aspectRatio +fix_principal_point +zero_tangent_dist -->
<flagValue>14</flagValue>
<Camera_Matrix type_id="opencv-matrix">
  <rows>3</rows>
  <cols>3</cols>
  <dt>d</dt>
  <data>
    6.1251754132997098e+02 0. 320. 0. 6.1251754132997098e+02 240. 0. 0.
    1.</data></Camera_Matrix>
<Distortion_Coefficients type_id="opencv-matrix">
  <rows>5</rows>
  <cols>1</cols>
  <dt>d</dt>
  <data>
    3.1573264367123799e-01 -1.8373282549343970e+00 0. 0.
    3.7287100599878116e+00</data></Distortion_Coefficients>
<Avg_Reprojection_Error>9.1449913280564815e-02</Avg_Reprojection_Error>
<Per_View_Reprojection_Errors type_id="opencv-matrix">
  <rows>25</rows>
  <cols>1</cols>
  <dt>f</dt>
  <data>
    8.53837505e-02 1.11411028e-01 8.81390423e-02 8.65161121e-02
    8.33424255e-02 8.87135118e-02 8.39219689e-02 9.47975442e-02
    8.57858807e-02 7.95661360e-02 8.95401910e-02 8.36729854e-02
    9.24672410e-02 7.33252168e-02 8.58969241e-02 8.56723562e-02
    8.43554512e-02 8.43635947e-02 8.62503424e-02 1.13232523e-01
    1.04119167e-01 1.00352414e-01 9.62378234e-02 1.00966044e-01
    1.05170570e-01</data></Per_View_Reprojection_Errors>
<!-- a set of 6-tuples (rotation vector + translation vector) for each view -->
<Extrinsic_Parameters type_id="opencv-matrix">
  <rows>25</rows>
  <cols>6</cols>
  <dt>d</dt>
  <data>
    4.1709468249162640e-01 -1.4285205579888430e-01
    -1.7063394474914001e-01 -2.9330185895779931e+02
    -1.0312079212563130e+01 6.8379042419231837e+02
    3.8721470318044288e-01 -1.4553783537129203e-01
    -1.9899228312094330e-01 -3.1984783177493443e+02
    8.4683992401539658e+00 6.8975112567691531e+02 3.8322712644807105e-01
    -1.3755414090408560e-01 -2.1197652228423050e-01
    -3.2667519858900488e+02 2.0236116205942306e+01
    6.9412357214654048e+02 3.8070419398345773e-01
    -1.2636760404228084e-01 -2.1670957082740883e-01
    -3.2655002765639773e+02 2.2971677293857677e+01
    6.9744325324866861e+02 3.7157437184288922e-01
    -1.2078549652232903e-01 -2.1851272864428473e-01
    -3.2489105554220669e+02 2.6963781291268443e+01
    7.0163224648804601e+02 3.6654953437063320e-01
    -1.1941705068046936e-01 -2.1987495270696822e-01
    -3.2479512032652701e+02 3.0776041546784047e+01
    7.0492429290626512e+02 3.6182029372514696e-01
    -1.1149629544816073e-01 -2.2726111206698241e-01
    -3.2325151299758841e+02 3.4914375371021954e+01
    7.0906647019024422e+02 3.5728878166841749e-01
    -1.0727239226998864e-01 -2.3251720285329200e-01
    -3.2189297048954239e+02 3.8732945414172470e+01
    7.1086592453505273e+02 3.5757453785971660e-01
    -9.6163444463998327e-02 -2.3977702527774489e-01
    -3.1635427617198781e+02 4.3547895180201614e+01
    7.1366296119802507e+02 3.5408559608274937e-01
    -9.2012440106607501e-02 -2.4460826584373960e-01
    -3.0929262801156148e+02 4.5559269241901696e+01
    7.1632736180416839e+02 3.4716333161142782e-01
    -8.7209698959631043e-02 -2.5099830824297514e-01
    -3.0506073692920825e+02 4.9149060863033540e+01
    7.1771109740609563e+02 3.3629188681822780e-01
    -8.2365436043884618e-02 -2.5620544048238902e-01
    -3.0090858543212033e+02 5.4802140330373156e+01
    7.2003554880267222e+02 3.1600809144343450e-01
    -7.7481413462277521e-02 -2.6432666351803802e-01
    -2.9259816782522034e+02 6.6138079867502015e+01
    7.2541814717401633e+02 3.1546027443371494e-01
    -7.8115179014444452e-02 -2.6843968601727652e-01
    -2.8662360576233914e+02 7.2225644109424138e+01
    7.2839651015414927e+02 3.1968287848838228e-01
    -7.8690731408420103e-02 -2.7069598762908120e-01
    -2.8252624271337629e+02 7.1625506149618658e+01
    7.2883816050526445e+02 3.0893908098722600e-01
    -6.9044286831590418e-02 -2.7922325611826870e-01
    -2.7714280681939601e+02 7.4281985090985728e+01
    7.3082557690505428e+02 3.0512207937005448e-01
    -6.6382519324604178e-02 -2.8284683674560573e-01
    -2.7334541439232186e+02 7.9998871175962080e+01
    7.3430814663208503e+02 2.9811917271602223e-01
    -6.4540856098029939e-02 -2.8340421065451449e-01
    -2.6909131539209903e+02 8.3973027970641994e+01
    7.3790528347808481e+02 2.9928552018614163e-01
    -6.1607469128239438e-02 -2.8668912728578411e-01
    -2.6528214180967854e+02 8.5387242088035649e+01
    7.4063742320376775e+02 4.9013620734158836e-01
    -8.4344439480949940e-02 1.3679147193827192e-03
    -2.0682142032527733e+02 -8.2655345321732440e+01
    6.9390150273489610e+02 5.0202434692271014e-01
    -8.4527918182597708e-02 -3.3869457739383038e-03
    -2.0774328831468102e+02 -8.6220519295247598e+01
    6.9106956776491188e+02 5.0163894279468291e-01
    -8.5134854516129857e-02 -6.4233993523336967e-03
    -2.0864519551537845e+02 -8.8657096575323308e+01
    6.8894838377314056e+02 5.0838921901414524e-01
    -9.0132736132768981e-02 -4.8648890848617373e-03
    -2.1014900687166073e+02 -9.0167035477886643e+01
    6.8536755316825895e+02 5.2072994087189550e-01
    -9.3960326093623980e-02 -2.4695523215122269e-03
    -2.1107526023355396e+02 -9.0715236303444371e+01
    6.8232952715132376e+02 5.2140359677860248e-01
    -9.8454330413358285e-02 -1.3289603127506319e-03
    -2.1062547929502756e+02 -9.3790777346672940e+01
    6.7823605289601790e+02</data></Extrinsic_Parameters>
